0.3864138546268928
0.40724407895293646
0.39518297057278373
0.3868431501935824
0.250946052896725
0.34681668012170386
0.3891593802228615
0.48312482896537495
0.44195931525403354
0.38014652718074393
0.44331373630451637
0.3136238643920064
0.3485481703339602
0.4228311834290936
0.400526618500457
0.39065410564270053
0.29548014866793687
0.35114079347395055
0.3205467373917983
0.40376911638806956
0.5109154430493198
0.4503192868329917
0.35638593640918537
0.360964523999877
0.4812812904474725
0.5073373194384843
0.46335977184021265
0.411654501375922
0.41323533706500165
0.3801690535162751
