0.007414860473933221
0.0653783613996964
0.7053111104410483
0.01703745887596303
0.2595065893049533
0.4488344474569139
0.08810907490892772
0.08375815483945304
0.0035105643418383847
0.1202499876710168
0.012589005206732364
0.2925387096905973
0.24266795106065236
0.012325747275616554
0.15900931771866578
0.06515643098844981
0.05199833028574809
0.013108943844145682
0.02270477588426073
0.18008543156962187
0.09398178025334847
0.08515301985159418
0.10834033321953365
0.12061500212960308
0.02640753481331181
0.17739037249460488
0.0554934402812679
0.08584751174188354
0.14700961234717666
0.21033779784254847
